1
15 15
952 709 828 823 303 293 109 248 597 341 164 659 732 20 841 
617 924 746 730 712 186 287 928 967 202 637 71 601 287 856 
916 334 888 869 27 310 277 513 23 775 162 611 341 889 51 
397 555 704 778 327 988 34 300 837 55 386 18 603 746 820 
271 341 385 465 901 923 244 701 870 157 895 584 703 163 195 
138 239 849 557 403 513 713 869 394 965 193 402 715 254 230 
285 206 240 569 379 286 128 497 799 623 489 585 375 156 596 
988 405 560 263 502 569 587 473 989 836 591 597 832 952 340 
413 126 823 8 482 867 498 651 193 374 532 123 255 470 173 
547 8 774 330 193 732 190 605 560 564 405 265 387 947 316 
682 611 328 292 482 523 924 411 942 921 743 35 659 600 159 
491 371 708 132 138 84 430 357 897 283 201 711 672 284 588 
248 284 702 689 319 192 365 236 134 153 975 656 218 118 684 
575 835 944 111 169 951 623 226 783 331 77 49 824 333 127 
6 891 836 616 725 398 729 448 488 222 322 126 998 456 547 